52.386
52.564
52.794
54.35
53.296
53.433
52.992
54.117
53.633
54.8
54.863
55.071
54.09
54.502
54.343
51.746
54.66
51.68
54.102
53.091
53.978
55.136
53.976
54.127
53.861
53.767
53.991
51.622
52.354
54.643
51.897
54.996
54.322
53.714
54.05
53.348
54.009
54.5
52.085
54.955
52.846
52.502
54.345
52.141
53.272
52.677
53.728
51.88
53.158
52.648
52.816
52.059
52.64
51.708
53.783
54.851
54.957
55.053
52.137
52.447
53.727
53.197
51.904
54.75
52.131
53.382
53.391
54.248
55.191
53.522
52.863
54.21
54.59
53.031
53.633
52.714
54.267
53.245
53.947
52.526
52.679
52.474
52.268
52.158
53.552
53.515
53.267
52.8
53.8
52.334
