-9.294
-8.79
-6.165
-6.655
-7.95
-6.987
-9.167
-9.233
-7.79
-6.284
-6.508
-8.517
-8.19
-6.26
-8.735
-5.67
-9.453
-7.913
-7.456
-6.719
-9.299
-8.5
-7.36
-8.886
-7.712
-8.47
-7.307
-5.703
-6.35
-8.033
-6.26
-6.405
-6.77
-7.64
-8.981
-6.566
-7.64
-8.276
-9.049
-6.292
-6.878
-9.584
-6.911
-7.256
-9.507
-9.486
-8.531
-8.917
-5.811
-7.72
-6.946
-7.931
-9.486
-7.8
-8.567
-8.957
-6.61
-8.642
-6.591
-6.971
-7.338
-8.2
-5.882
-7.29
-7.301
-8.183
-8.869
-8.483
-9.306
-7.137
-7.814
-8.162
-9.696
-7.146
-6.793
-8.851
-7.5
-6.737
-9.533
-6.458
